[gd_scene load_steps=6 format=3 uid="uid://b43tbsw8jybac"]

[ext_resource type="ArrayMesh" uid="uid://crthtmb8tcidw" path="res://BlenderFiles/roboPlayer_000001.obj" id="1"]

[sub_resource type="Skin" id="2"]
resource_name = "Skin"
bind_count = 7
bind/0/name = &"Body"
bind/0/bone = -1
bind/0/pose = Transform3D(-2.65448e-08, 0, -0.607274, 0, 0.607274, 0, 0.607274, 0, -2.65448e-08, 0, 0, 0)
bind/1/name = &"UpperLeg.L"
bind/1/bone = -1
bind/1/pose = Transform3D(-0.607274, -1.99591e-08, 9.04452e-09, 6.35104e-09, -0.400359, 0.456611, 5.56862e-09, 0.456611, 0.400359, -0.387593, 0.317687, -0.010933)
bind/2/name = &"FrontLeg.L"
bind/2/bone = -1
bind/2/pose = Transform3D(-0.607274, -1.6429e-07, 8.37474e-08, 2.83822e-08, -0.388371, -0.46685, 1.64134e-07, -0.46685, 0.388371, -0.387593, 0.0632066, -0.329235)
bind/3/name = &"BackLeg.L"
bind/3/bone = -1
bind/3/pose = Transform3D(-0.607274, -8.31062e-08, 2.90128e-08, 5.45554e-08, -0.282836, 0.537388, -4.26458e-08, 0.537388, 0.282836, -0.387593, -0.32838, 0.0675087)
bind/4/name = &"UpperLeg.R"
bind/4/bone = -1
bind/4/pose = Transform3D(-0.607274, -1.99591e-08, 9.04452e-09, 6.35104e-09, -0.400359, 0.456611, 5.56862e-09, 0.456611, 0.400359, 0.404662, 0.317687, -0.010933)
bind/5/name = &"FrontLeg.R"
bind/5/bone = -1
bind/5/pose = Transform3D(-0.607274, -2.75596e-07, 1.76342e-07, 2.83822e-08, -0.388371, -0.46685, 3.08919e-07, -0.46685, 0.388371, 0.404662, 0.0632066, -0.329235)
bind/6/name = &"BackLeg.R"
bind/6/bone = -1
bind/6/pose = Transform3D(-0.607274, -1.15137e-07, 1.21545e-08, 5.45554e-08, -0.282836, 0.537388, -7.88422e-08, 0.537388, 0.282836, 0.404662, -0.32838, 0.0675088)

[sub_resource type="Animation" id="3"]
resource_name = "Idle"
length = 0.001

[sub_resource type="Animation" id="4"]
resource_name = "RoboAction"
length = 0.001

[sub_resource type="AnimationLibrary" id="AnimationLibrary_jd6d6"]
_data = {
"Idle": SubResource("3"),
"RoboAction": SubResource("4")
}

[node name="OBJrobo" type="Node3D"]

[node name="Armature" type="Node3D" parent="."]
transform = Transform3D(0, 0, 1.6467, 0, 1.6467, 0, -1.6467, 0, 0, 0, 0, 0)

[node name="Skeleton3D" type="Skeleton3D" parent="Armature"]
bones/0/name = "Body"
bones/0/parent = -1
bones/0/rest = Transform3D(1, 0, 0, 0, 1, 0, 0, 0, 1, 0, 0, 0)
bones/0/enabled = true
bones/0/position = Vector3(0, 0, 0)
bones/0/rotation = Quaternion(0, 0, 0, 1)
bones/0/scale = Vector3(1, 1, 1)
bones/1/name = "UpperLeg.L"
bones/1/parent = 0
bones/1/rest = Transform3D(0, -0.751904, -0.659273, 0, -0.659273, 0.751904, -1, 0, 0, 0.231662, 0.217663, -0.387593)
bones/1/enabled = true
bones/1/position = Vector3(0, 0, 0)
bones/1/rotation = Quaternion(0, 0, 0, 1)
bones/1/scale = Vector3(1, 1, 1)
bones/2/name = "FrontLeg.L"
bones/2/parent = 1
bones/2/rest = Transform3D(1, -5.74298e-08, -2.61384e-07, 2.49184e-07, -0.15641, 0.987692, -9.76061e-08, -0.987692, -0.15641, -3.02802e-08, 0.652756, 2.24248e-08)
bones/2/enabled = true
bones/2/position = Vector3(0, 0, 0)
bones/2/rotation = Quaternion(0, 0, 0, 1)
bones/2/scale = Vector3(1, 1, 1)
bones/3/name = "BackLeg.L"
bones/3/parent = 1
bones/3/rest = Transform3D(1, -7.75282e-08, 7.67032e-08, 9.32782e-08, 0.972427, -0.233206, -5.65082e-08, 0.233206, 0.972427, -4.77899e-10, 0.652756, 7.82081e-09)
bones/3/enabled = true
bones/3/position = Vector3(0, 0, 0)
bones/3/rotation = Quaternion(0, 0, 0, 1)
bones/3/scale = Vector3(1, 1, 1)
bones/4/name = "UpperLeg.R"
bones/4/parent = 0
bones/4/rest = Transform3D(0, -0.751904, -0.659273, 0, -0.659273, 0.751904, -1, 0, 0, 0.231662, 0.217663, 0.404662)
bones/4/enabled = true
bones/4/position = Vector3(0, 0, 0)
bones/4/rotation = Quaternion(0, 0, 0, 1)
bones/4/scale = Vector3(1, 1, 1)
bones/5/name = "FrontLeg.R"
bones/5/parent = 4
bones/5/rest = Transform3D(1, -5.74299e-08, -4.99803e-07, 4.84668e-07, -0.15641, 0.987692, -1.34897e-07, -0.987692, -0.15641, 2.93244e-08, 0.652756, 4.90913e-09)
bones/5/enabled = true
bones/5/position = Vector3(0, 0, 0)
bones/5/rotation = Quaternion(0, 0, 0, 1)
bones/5/scale = Vector3(1, 1, 1)
bones/6/name = "BackLeg.R"
bones/6/parent = 4
bones/6/rest = Transform3D(1, -7.75282e-08, 1.36308e-07, 1.07178e-07, 0.972427, -0.233206, -1.14469e-07, 0.233206, 0.972427, 2.93244e-08, 0.652756, -7.22486e-09)
bones/6/enabled = true
bones/6/position = Vector3(0, 0, 0)
bones/6/rotation = Quaternion(0, 0, 0, 1)
bones/6/scale = Vector3(1, 1, 1)

[node name="Robo" type="MeshInstance3D" parent="Armature/Skeleton3D"]
mesh = ExtResource("1")
skin = SubResource("2")

[node name="AnimationPlayer" type="AnimationPlayer" parent="."]
libraries = {
"": SubResource("AnimationLibrary_jd6d6")
}
